42 17 2 32
26 6 2 35
32 29 46 16
24 17 12 14
10 26 23 40
28 41 15 49
45 44 3 46
21 44 34 16
12 36 48 40
42 1 25 25
30 24 43 6
41 6 22 3
34 46 45 13
39 10 14 34
5 17 32 26
11 16 44 25
5 43 15 47
46 43 24 28
17 20 35 10
28 7 14 14
5 9 29 44
20 43 30 25
12 12 3 24
31 0 1 36
43 19 35 41
12 12 19 31
34 6 41 14
16 5 28 21
15 10 18 37
5 0 14 18
13 19 44 46
19 47 32 12
16 17 5 30
31 27 11 15
33 5 29 49
10 10 23 27
20 43 14 27
43 30 47 6
0 41 4 19
41 36 34 7
6 39 40 37
16 3 5 2
8 34 3 21
46 26 0 18
19 15 46 15
45 43 23 45
37 28 17 28
14 1 37 20
40 27 10 9
33 15 11 41
1 14 14 48
43 15 16 14
30 14 29 27
8 3 25 47
31 44 25 45
45 14 18 37
44 30 46 27
45 9 20 46
26 35 46 19
0 13 35 32
27 15 11 37
18 38 34 49
32 11 46 27
28 16 17 22
46 15 1 43
25 21 42 3
6 38 24 6
1 9 40 31
24 2 20 44
40 5 45 23
18 42 2 48
10 19 20 7
35 21 0 12
43 42 15 1
33 39 10 36
48 0 17 25
4 38 19 45
45 15 20 15
9 22 14 19
42 36 28 29
10 29 41 3
23 6 6 8
45 16 45 45
19 12 20 23
2 40 18 49
7 38 17 16
13 31 35 7
19 14 36 29
45 27 34 20
33 41 29 30
9 24 25 28
38 48 2 43
40 22 42 47
13 11 13 26
42 48 33 14
14 19 43 11
46 28 32 31
21 13 11 30
37 38 9 27
36 13 20 26
